631
1056
1580
1780
2184
2884
2941
3075
3338
3486
3527
3676
4306
4456
5006
5092
5180
5422
5771
6416
6512
6586
7162
7707
7946
8176
8438
8588
8609
9069
9409
10120
10307
11260
11294
11587
11833
12309
13451
13500
13635
13915
13953
14351
14420
14912
14984
15130
15269
15282
15424
15515
15746
15850
16315
16682
17035
17122
18487
18973
19324
19437
19636
19685
20158
20528
20579
21054
21218
21596
21866
22098
22408
22601
23079
23181
23244
23509
23682
23777
23804
24006
24505
25490
25594
25810
25838
25893
26174
26574
27239
27874
27904
28010
29373
29804
29984
30135
30651
30674
31259
31277
31748
31836
33033
33490
33547
33594
33758
33804
33844
35594
35713
35920
36244
36682
36817
36820
37051
37146
37284
37681
38071
38516
39399
39601
39888
40127
40241
40296
40769
41000
41119
41259
41269
41357
41385
41442
41575
41789
42243
42475
43231
44353
44413
45412
45793
46398
46827
47213
47812
47938
48123
48614
48820
48843
48978
49204
50124
50140
50188
50251
50292
50584
51044
51048
51264
51503
51725
51759
51817
51857
52083
52184
52336
52419
52745
53343
53636
54047
54363
54386
54450
55545
55636
56160
56268
57041
57661
57892
58175
58320
58340
58609
59137
59562
59570
