16
29
219
287
288
300
315
335
340
393
442
460
472
484
527
584
590
598
603
605
647
679
711
799
842
867
914
919
1050
1075
1081
1129
1144
1186
1206
1406
1442
1454
1491
1501
1530
1574
1610
1697
1773
1796
1888
1935
1951
1995
2026
2036
2094
2142
2171
2173
2176
2189
2197
2266
2327
2337
2355
2367
2398
2419
2422
2551
2707
2761
2834
2847
2853
2856
2872
2916
2940
3064
3173
3190
3226
3243
3265
3274
3282
3290
3296
3308
3310
3446
3457
3458
3475
3571
3597
3615
3620
3625
3643
3662
3683
3686
3708
3740
3763
3843
3845
3894
3927
3966
3986
4001
4033
4052
4085
4151
4163
4175
4190
4196
4197
4199
4201
4253
4300
4351
4355
4370
4380
4396
4419
4421
4455
4514
4518
4584
4677
4679
4714
4730
4819
4846
4907
4930
4931
4936
5010
5069
5098
5124
5157
5180
5196
5238
5265
5292
5316
5356
5446
5457
5473
5492
5530
5603
5665
5680
5700
5713
5720
5736
5768
5798
5821
5897
5929
5938
5941
5964
6010
6012
6017
6035
6049
6085
6102
6115
6151
6154
6169
6219
6259
6264
6291
6312
6350
6356
6543
6577
6684
6706
6735
6755
6803
6865
6938
7053
7090
7117
7146
7259
7283
7314
7335
7383
7429
7430
7494
7601
7617
7620
7658
7684
7689
7753
7770
7775
7788
7790
7813
7846
7934
7988
7989
7991
7998
8025
8027
8058
8087
8101
8103
8138
8231
8241
8260
8266
8299
8355
8379
8380
8427
8465
8480
8503
8508
8567
8612
8646
8770
8781
8784
8790
8796
8821
8823
8857
8899
8963
8974
8991
9009
9223
9232
9300
9356
9365
9410
9417
9421
9431
9471
9518
9523
9535
9645
9675
9681
9684
9697
9730
9737
9802
9813
9840
9845
9888
9962
9968
9971
9978
